Percussion	Xylophone.rosewood	Xylophone.rosewood.ff.D6.stereo.wav	48000	"1440,4320,8160,11040,12960"	"1174.6590716696303"