Brass	Horn	Horn.ff.F5.stereo.wav	48000	960	"698.4564628660078"